201501 84 79 88
201502 86 79 70
201503 84 71 82
201504 97 76 76
201505 80 79 81
201506 97 79 72
201507 99 76 78
201508 81 83 74
201509 95 84 100
201510 82 91 75
201511 90 73 88
201512 81 87 85
201513 92 87 67
201514 83 85 70
201515 91 82 90
201516 97 83 63
201517 90 88 69
201518 84 72 95
201519 86 76 86
201520 86 83 81
201521 89 77 93
201522 85 82 78
201523 88 83 85
201524 87 65 94
201525 80 76 92
201526 82 79 70
201527 89 86 84
201528 85 84 94
201529 88 79 91
201530 89 83 94
201531 88 68 75
201532 93 83 75
201533 87 82 75
201534 94 88 81
201535 86 76 100
201536 88 79 80
201537 88 69 79
201538 82 76 84
201539 86 77 76
201540 83 90 67
201541 84 80 80
201542 94 71 86
201543 88 81 80
201544 100 74 97
201545 97 83 82
201546 89 85 79
201547 86 89 87
201548 84 73 98
201549 81 77 68
201550 90 71 85
201551 89 76 82
201552 93 93 68
201553 80 84 71
201554 87 72 89
201555 100 78 80
201556 86 98 73
201557 96 79 97
201558 91 79 82
201559 85 75 74
201560 85 91 76
